Person 365.714432 560.6251560000001 424.228864 739.375182
Person 6.501376 568.749636 87.771136 755.624961
Person 190.171136 598.000221 308.825088 758.874753
Person 266.564608 573.6251430000001 398.222336 780.000039
Person 386.844672 497.250117 729.802752 817.375104
Person 414.476288 123.500286 477.867008 232.37487
Person 479.492096 185.24961 533.13024 292.500117
Person 518.501376 139.750065 609.523712 315.250299
Person 596.52096 173.875338 655.035392 269.749935
Person 726.552576 572.000247 845.206528 817.375104
Person 869.586944 272.999727 1022.374912 687.375234
