Person 593.66912 468.20390899999995 672.196608 571.9
Person 273.275904 496.484364 314.109952 559.330455
Person 285.840384 163.4 332.956672 232.53045500000002
Person 295.264256 329.942182 336.098304 386.503909
Person 295.264256 179.111727 358.085632 226.24609099999998
Person 323.533824 477.630455 364.367872 546.7617270000001
Person 373.791744 245.1 446.036992 320.515636
Person 376.932352 405.357818 433.472512 477.630455
Person 380.073984 326.8 433.472512 386.503909
Person 392.638464 477.630455 474.30656 556.188273
Person 408.343552 245.1 452.319232 298.519545
Person 420.908032 395.930455 464.883712 465.061727
Person 430.33088 323.657818 468.02432 383.36172700000003
Person 496.294912 474.488273 527.705088 546.7617270000001
Person 502.577152 182.253909 533.987328 226.24609099999998
Person 521.422848 477.630455 552.834048 546.7617270000001
Person 527.705088 179.111727 559.116288 229.388273
Person 593.66912 320.515636 675.337216 399.073454
Person 625.079296 163.4 656.490496 229.388273
Person 643.926016 333.084364 675.337216 392.788273
Person 681.619456 157.115636 722.453504 232.53045500000002
Person 691.043328 320.515636 753.864704 392.788273
Person 697.325568 408.5 772.711424 468.20390899999995
Person 709.890048 185.396091 747.582464 245.1
Person 738.159616 386.503909 782.135296 461.919545
