Person 0.0 313.599744 454.4 767.360256
Person 208.64 315.519744 238.72 442.23974400000003
Person 240.64 316.79999999999995 281.6 429.440256
Person 260.48 314.240256 306.56 422.40000000000003
Person 325.12 323.199744 347.52 407.04
Person 347.52 324.48 368.64 401.28
Person 362.88 323.199744 377.6 392.96025599999996
Person 378.88 330.879744 394.88 396.800256
Person 394.88 312.320256 416.0 386.559744
Person 414.72 313.599744 449.28 387.84000000000003
Person 450.56 313.599744 480.64 361.599744
Person 486.4 309.759744 495.36 351.99974399999996
Person 496.64 312.320256 508.8 355.839744
Person 510.08 312.320256 524.16 362.88
Person 520.32 316.160256 527.36 359.679744
Person 524.16 318.71999999999997 535.04 359.679744
Person 545.92 313.599744 560.0 343.040256
Person 545.92 340.479744 586.88 433.280256
Person 589.44 359.679744 699.52 602.88
Person 621.44 329.600256 798.72 764.7997439999999
Person 805.12 323.840256 962.56 720.639744
Person 874.24 277.760256 1023.36 767.360256
