Person 18.400256 509.599872 42.399744 543.200256
Person 40.800256 475.2 73.6 551.199744
Person 73.6 473.599872 110.400512 547.1999999999999
Person 89.6 368.000064 152.000512 440.80012800000003
Person 135.999488 369.600192 211.2 575.199936
Person 259.999744 464.00025600000004 275.999744 493.59974400000004
Person 306.400256 440.80012800000003 337.600512 512.0000640000001
Person 339.2 444.799872 380.000256 514.400256
Person 386.400256 445.599936 416.799744 515.999808
Person 438.4 451.19980799999996 468.799488 516.7998719999999
Person 724.799488 27.199872 796.000256 227.999808
Person 784.0 97.599744 827.200512 213.59980800000002
Person 828.8 71.199936 873.6 193.59993599999999
Person 871.999488 97.599744 913.599488 172.79999999999998
Person 901.600256 55.199808000000004 951.199744 168.800256
Person 935.999488 68.000256 976.799744 175.20019200000002
