Person 20.48 576.00122 60.16 624.695022
Person 60.16 572.156613 103.68 624.695022
Person 136.32 581.1264520000001 170.24 624.695022
Person 162.56 584.9710590000001 184.96 631.102245
Person 270.08 594.581552 298.88 656.0898
Person 300.16 608.677306 312.32 649.682577
Person 309.12 588.1743290000001 335.36 661.215715
Person 341.12 588.1743290000001 367.36 661.215715
Person 367.36 589.455637 392.32 663.778331
Person 398.72 598.426159 408.96 641.994729
Person 414.08 598.426159 435.2 640.712738
Person 426.24 598.426159 436.48 633.664861
Person 446.08 602.270083 452.48 631.102245
Person 461.44 600.9887749999999 473.6 639.43143
Person 524.8 603.5513910000001 536.32 632.383553
Person 673.92 567.030698 1023.36 682.359346
