Person 365.44 406.400256 471.04 719.360256
Person 1.92 570.24 44.16 664.3199999999999
Person 81.28 172.160256 151.68 387.84000000000003
Person 134.4 261.12 231.04 439.68
Person 180.48 438.39974400000006 279.68 730.239744
Person 197.76 119.679744 234.88 256.640256
Person 225.28 122.240256 273.28 243.84
Person 253.44 406.400256 376.32 763.520256
Person 294.4 108.80025599999999 314.24 156.15974400000002
Person 478.08 120.96000000000001 768.0 195.84
Person 507.52 437.120256 535.04 474.879744
Person 507.52 263.679744 728.32 432.63974399999995
Person 541.44 581.1202559999999 549.76 603.519744
Person 553.6 552.96 576.0 598.400256
Person 554.88 600.96 584.32 665.600256
Person 578.56 536.319744 595.84 587.52
Person 643.84 541.4399999999999 666.24 597.12
Person 667.52 545.28 686.08 595.839744
Person 671.36 640.640256 691.2 679.040256
Person 689.92 628.479744 707.2 677.76
Person 695.04 521.600256 805.12 767.360256
Person 703.36 391.68 794.24 587.52
Person 748.16 258.560256 758.4 292.479744
Person 759.68 229.11974400000003 782.72 280.959744
Person 762.88 615.680256 828.8 766.08
Person 795.52 283.520256 893.44 353.28000000000003
Person 796.8 163.2 811.52 202.88025599999997
Person 802.56 133.760256 822.4 176.000256
Person 802.56 401.28 922.88 514.5600000000001
Person 823.68 135.03974399999998 844.8 170.88
Person 826.24 224.000256 965.12 280.959744
Person 849.92 119.679744 1023.36 167.04
Person 852.48 622.08 867.2 659.199744
Person 865.92 624.639744 874.88 663.039744
Person 896.0 656.64 914.56 691.839744
Person 910.72 679.040256 922.88 722.559744
Person 918.4 464.64 938.24 501.75974400000007
Person 924.16 478.08000000000004 939.52 512.000256
Person 944.0 360.320256 967.68 421.11974399999997
Person 945.28 735.999744 967.68 767.360256
