Cat 0.0 339.20025599999997 149.76 475.520256
Cat 0.0 505.599744 292.48 649.599744
Cat 16.0 371.840256 226.56 515.199744
Cat 133.76 709.119744 395.52 767.360256
Cat 158.72 231.680256 254.08 288.63974399999995
Cat 289.92 252.800256 368.0 316.79999999999995
Cat 311.04 305.919744 417.92 403.839744
Cat 346.88 389.120256 465.92 536.319744
Cat 410.24 183.03974399999998 468.48 257.28000000000003
Cat 412.8 496.640256 616.32 664.3199999999999
Cat 520.96 184.32 586.24 258.560256
Cat 549.12 247.68 613.76 300.800256
Cat 558.08 560.000256 876.8 767.360256
Cat 566.4 271.359744 677.12 370.56
Cat 580.48 351.99974399999996 727.68 451.20000000000005
Cat 778.88 349.44 979.2 422.40000000000003
Cat 787.2 380.15999999999997 1023.36 476.799744
Cat 849.28 283.520256 988.16 359.04
Cat 903.68 509.43974399999996 1023.36 767.360256
Cat 948.48 167.04 1022.72 255.999744
