Person 29.44 356.480256 83.84 504.320256
Person 32.0 362.88 137.6 519.039744
Person 61.44 355.20000000000005 113.92 512.64
Person 142.72 373.119744 172.16 469.76025599999997
Person 161.92 361.599744 201.6 456.96
Person 200.32 366.080256 249.6 521.600256
Person 258.56 366.71999999999997 289.92 451.20000000000005
Person 293.76 366.71999999999997 344.32 480.63974399999995
Person 343.68 386.559744 378.24 475.520256
Person 366.72 366.71999999999997 400.0 497.91974400000004
Person 396.16 366.71999999999997 438.4 464.64
Person 437.12 366.71999999999997 471.04 474.24
Person 475.52 364.160256 512.0 463.359744
Person 501.76 368.00025600000004 542.72 463.359744
Person 539.52 380.15999999999997 555.52 447.36
Person 588.8 376.32 616.32 447.36
Person 611.2 377.600256 636.8 451.20000000000005
Person 634.88 396.159744 650.88 444.800256
Person 663.04 381.44025600000003 697.6 458.24025599999993
Person 835.84 373.119744 853.12 431.36025600000005
