Person 158.08 65.28 196.48 170.88
Person 201.6 666.8797440000001 231.04 750.080256
Person 232.32 231.680256 256.0 303.36
Person 245.76 508.160256 288.0 608.64
Person 316.8 69.12 378.88 222.71999999999997
Person 344.96 483.200256 392.32 554.88
Person 393.6 153.60000000000002 472.96 300.800256
Person 449.28 183.03974399999998 515.2 300.800256
Person 540.16 103.68 569.6 156.800256
Person 693.76 164.480256 718.72 207.999744
Person 720.64 174.72 749.44 246.399744
Person 967.68 60.159744 1023.36 154.880256
