Person 454.4 287.039629 522.24 525.384773
Person 165.12 322.918985 232.96 542.043143
Person 216.32 325.482284 255.36 489.504734
Person 225.28 317.793753 241.28 353.03313799999995
Person 229.12 335.092777 289.28 539.480527
Person 289.28 313.949146 355.2 527.9473889999999
Person 295.04 338.937384 305.28 466.43914099999995
Person 350.08 328.0449 408.96 533.073304
Person 402.56 320.356369 464.0 533.073304
Person 538.88 312.667838 605.44 531.7919959999999
Person 596.48 310.10522199999997 667.52 527.9473889999999
Person 659.84 317.793753 735.36 529.228697
Person 727.68 299.212738 802.56 545.246413
Person 798.72 317.793753 864.0 539.480527
Person 971.52 333.811469 1023.36 515.773597
