Person 763.52 293.96610000000004 859.52 527.0897160000001
Person 0.0 260.662824 51.2 483.539436
Person 42.88 356.730624 179.84 555.9100559999999
Person 126.08 243.37061999999997 208.64 340.718868
Person 187.52 229.280904 247.68 306.775368
Person 199.04 230.562036 296.32 319.583952
Person 279.04 243.37061999999997 366.08 315.74124
Person 356.48 203.02214400000003 414.72 301.651524
Person 397.44 204.30327599999998 469.76 313.17966
Person 461.44 194.696496 535.04 275.393448
Person 473.6 229.280904 548.48 301.651524
Person 528.64 215.831412 607.36 289.483164
Person 535.04 211.9887 568.96 268.348248
Person 592.64 204.30327599999998 672.64 483.539436
Person 634.88 343.281132 737.28 536.0562719999999
Person 641.28 194.696496 737.28 275.393448
Person 658.56 227.999772 733.44 391.955256
Person 709.76 184.449492 805.12 459.202032
